0 6e-07
0.245353430898 2.15626595931
0.507576188512 1.6609107223
0.760975954818 1.32957186699
1.01344172488 1.2895238985
1.26279725378 1.26537266246
1.51009005963 1.2697376388
1.75610445234 1.27608953273
2.00116093661 1.28087240533
2.24564120116 1.28411551989
2.48979573413 1.28634426055
2.73376291578 1.28769331259
2.97762496593 1.28847974717
3.2214246007 1.28888307139
3.46517992632 1.28905494549
3.70890067303 1.28910446007
3.95259125378 1.2890941122
4.19625476196 1.28906257421
4.43989403718 1.2890325862
4.68351171156 1.28901046126
